california: 0.9619135069896954
colorado: 0.8584126206884839
iowa: 0.9245021605063168
michigan: 0.8714167592809954
minnesota: 0.9933129353077433
ohio: 0.8806167277940242
pennsylvania: 0.8914134443534539
texas: 0.9193828214578202
utah: 0.9562492174568383
washington: 0.9500087118975497
wisconsin: 0.9094605217020402