california: 0.9842824571280016
colorado: 0.898874157795052
iowa: 0.8988741577950519
michigan: 0.9030845164418324
minnesota: 0.899406932323882
ohio: 0.963084816021555
pennsylvania: 0.8913669509440444
texas: 0.9849981807356191
utah: 0.8186292482895157
washington: 0.8071525865855377
wisconsin: 0.8186292482895574