california: 0.47273879051208495
colorado: 0.4040339152018229
iowa: 0.5393692970275878
michigan: 0.4686943531036377
minnesota: 0.5602301597595215
ohio: 0.4747621218363444
pennsylvania: 0.47233734130859373
texas: 0.38266620635986326
utah: 0.4713730017344157
washington: 0.5318900108337402
wisconsin: 0.3768848180770874