california: 0.47432632446289064
colorado: 0.43215449651082355
iowa: 0.5692607879638671
michigan: 0.4803558985392253
minnesota: 0.5839083989461263
ohio: 0.5144141515096029
pennsylvania: 0.499561071395874
texas: 0.4972965603783017
utah: 0.3379579782485962
washington: 0.5123528480529785
wisconsin: 0.4080228805541992